SPL dalam bentuk matriks: 
0.0 | 0.0 | 0.0 | 0.0 | 0.0 | 0.0 | 1.0 | 1.0 | 1.0 | 13.0 | 
0.0 | 0.0 | 0.0 | 1.0 | 1.0 | 1.0 | 0.0 | 0.0 | 0.0 | 15.0 | 
1.0 | 1.0 | 1.0 | 0.0 | 0.0 | 0.0 | 0.0 | 0.0 | 0.0 | 8.0 | 
0.0 | 0.0 | 0.04289 | 0.0 | 0.04289 | 0.75 | 0.04289 | 0.75 | 0.61396 | 14.79 | 
0.0 | 0.25 | 0.91421 | 0.25 | 0.91421 | 0.25 | 0.91421 | 0.25 | 0.0 | 14.31 | 
0.61396 | 0.75 | 0.04289 | 0.75 | 0.04289 | 0.0 | 0.04289 | 0.0 | 0.0 | 3.81 | 
0.0 | 0.0 | 1.0 | 0.0 | 0.0 | 1.0 | 0.0 | 0.0 | 1.0 | 18.0 | 
0.0 | 1.0 | 0.0 | 0.0 | 1.0 | 0.0 | 0.0 | 1.0 | 0.0 | 12.0 | 
1.0 | 0.0 | 0.0 | 1.0 | 0.0 | 0.0 | 1.0 | 0.0 | 0.0 | 6.0 | 
0.04289 | 0.75 | 0.61396 | 0.0 | 0.04289 | 0.75 | 0.0 | 0.0 | 0.04289 | 10.51 | 
0.91421 | 0.25 | 0.0 | 0.25 | 0.91421 | 0.25 | 0.0 | 0.25 | 0.91421 | 16.13 | 
0.04289 | 0.0 | 0.0 | 0.75 | 0.04289 | 0.0 | 0.61396 | 0.75 | 0.04289 | 7.04 | 

Hasil sistem persamaan linear adalah
x1 = 2.9964528
x2 = 1.0000376
x3 = 4.0035095
x4 = 0.9976505
x5 = 4.996223
x6 = 8.992749
x7 = 2.005895
x8 = 6.00374
x9 = 5.0037413
