SPL dalam bentuk matriks: 
1.0 | 0.5 | 0.33333334 | 0.25 | 0.2 | 0.16666667 | 0.14285713 | 0.125 | 0.11111111 | 0.1 | 1.0 | 
0.5 | 0.33333334 | 0.25 | 0.2 | 0.16666667 | 0.14285713 | 0.125 | 0.11111111 | 0.1 | 0.09090909 | 0.0 | 
0.3333333 | 0.25 | 0.2 | 0.16666667 | 0.14285713 | 0.125 | 0.11111111 | 0.1 | 0.09090909 | 0.08333333 | 0.0 | 
0.25 | 0.2 | 0.16666667 | 0.14285713 | 0.125 | 0.11111111 | 0.1 | 0.09090909 | 0.08333333 | 0.07692308 | 0.0 | 
0.2 | 0.16666667 | 0.14285713 | 0.125 | 0.11111111 | 0.1 | 0.09090909 | 0.08333333 | 0.07692308 | 0.07142857 | 0.0 | 
0.1666667 | 0.14285713 | 0.125 | 0.11111111 | 0.1 | 0.09090909 | 0.08333333 | 0.07692308 | 0.07142857 | 0.06666667 | 0.0 | 
0.1428571 | 0.125 | 0.11111111 | 0.1 | 0.09090909 | 0.08333333 | 0.07692308 | 0.07142857 | 0.06666667 | 0.0625 | 0.0 | 
0.125 | 0.11111111 | 0.1 | 0.09090909 | 0.08333333 | 0.07692308 | 0.07142857 | 0.06666667 | 0.0625 | 0.05882353 | 0.0 | 
0.1111111 | 0.1 | 0.09090909 | 0.08333333 | 0.07692308 | 0.07142857 | 0.06666667 | 0.0625 | 0.05882353 | 0.05555556 | 0.0 | 
0.1 | 0.09090909 | 0.08333333 | 0.07692308 | 0.07142857 | 0.06666667 | 0.0625 | 0.05882353 | 0.05555556 | 0.05263158 | 0.0 | 

Hasil sistem persamaan linear adalah
x1 = 54.480446
x2 = -1460.9446
x3 = 11407.74
x4 = -32764.684
x5 = 17175.578
x6 = 75338.0
x7 = -100170.39
x8 = -46134.945
x9 = 134800.4
x10 = -58267.84
